((("ft_strdup" .
   [1 0 0 0 0 0 0 0 0])
  ("ft_banner" .
   [2 0 0 0 0 0 0 0 0])
  ("ft_loadimg" .
   [1 0 0 0 0 0 1 0 0 0])
  ("line" .
   [2 0 0 0])
  ("fd" .
   [2 0])
  ("ft_load" .
   [1 0 0 0 0 0 0])
  ("ft_arraysize_2d" .
   [1 0 0 0 0 0 0 0 1 0 0 0 0 0 0])
  ("ft_arraydel_2d" .
   [0 0 0 0 0 1 0 0 0 0 0 0 0 0])
  ("size" .
   [3 0 1 0])
  ("environ" .
   [2 0 0 0 1 1 1])
  ("free" .
   [3 0 0 0])
  ("s" .
   [1])
  ("p" .
   [2])
  ("s_stat" .
   [2 0 0 0 0 0])
  ("rep" .
   [3 0 0])
  ("alias" .
   [3 0 0 0 0])
  ("str" .
   [1 0 0])
  ("f" .
   [2])
  ("ft_ls" .
   [1 0 0 0 0])
  ("UPR" .
   [1 0 0])
  ("flags" .
   [4 0 0 0 0])
  ("size_t" .
   [2 0 0 0 0 0])
  ("ft_puthex" .
   [1 0 0 0 0 0 0 0 0])
  ("long" .
   [2 0 0 0])
  ("unsigned" .
   [2 0 0 0 0 0 0 0])
  ("ptr" .
   [3 0 0])
  ("list" .
   [7 0 0 0])
  ("NULL" .
   [6 0 0 0])
  ("return" .
   [3 0 0 0 0 0])
  ("if" .
   [4 0])
  ("sizeof" .
   [1 0 0 0 0 0])
  ("malloc" .
   [2 0 0 0 0 0])
  ("t_list" .
   [2 0 0 0 0 0])
  ("next" .
   [4 0 0 0])
  ("elem" .
   [2 0 0 0])
  ("n" .
   [1])
  ("content" .
   [5 0 0 0 0 0 0])
  ("ft_putstr" .
   [3 0 0 0 0 0 0 0 0])
  ("ft_putendl" .
   [3 0 0 0 0 0 1 1 0 2])
  ("linum-relative-mode" .
   [0 0 0 0 0 0 0 0 0 0 0 0 0 0 0 3 0 0 0])
  ("linum-on" .
   [0 0 0 0 0 0 1 0])
  ("t" .
   [3])
  ("linum-relative" .
   [0 0 0 0 0 0 0 1 0 0 0 0 0 0])
  ("linum-relative-mode-hook" .
   [0 0 0 0 0 0 0 0 0 0 0 0 0 0 0 0 0 0 0 0 1 0 0 0])
  ("include" .
   [3 0 0 0 0 0 0])
  ("int" .
   [6 0 0])
  ("main" .
   [1 0 0 0])
  ("void" .
   [7 0 0 0])
  ("10" .
   [1 0])
  ("ft_putadrr" .
   [0 0 0 0 0 0 1 0 0 0])
  ("printf" .
   [1 0 0 0 0 0])
  ("timeInt" .
   [0 0 1 0 3 0 0])
  ("time" .
   [2 0 0 0])
  ("time_t" .
   [1 0 0 0 0 0])
  ("buf" .
   [11 0 0])
  ("sudo" .
   [2 0 0 0])
  ("make" .
   [1 0 0 0])
  ("while" .
   [7 0 0 0 0])
  ("argv" .
   [9 0 0 0])
  ("char" .
   [1 0 0 0])
  ("ft_strlen" .
   [1 0 0 0 0 0 0 0 0])))
